# **************************************************************************** #
#                                                                              #
#                                                         :::      ::::::::    #
#    Makefile                                           :+:      :+:    :+:    #
#                                                     +:+ +:+         +:+      #
#    By: tbeaudoi <tbeaudoi@student.42.fr>          +#+  +:+       +#+         #
#                                                 +#+#+#+#+#+   +#+            #
#    Created: 2023/04/06 15:29:44 by tbeaudoi          #+#    #+#              #
#    Updated: 2023/08/18 15:37:46 by tbeaudoi         ###   ########.fr        #
#                                                                              #
# **************************************************************************** #

NAME = PmergeMe

SRCS = main.cpp \
		PmergeMe.cpp \

CFLAGS = -Wall -Wextra -Werror -std=c++98
CC = c++

OBJS = $(SRCS:%cpp=%o)

all: $(NAME)

$(NAME): $(OBJS)
	$(CC) $(CFLAGS) $(OBJS) -o $(NAME)

.cpp.o: $(SRCS) $(OBJS)
	$(CC) $(CFLAGS) -c $< -o $@

clean:
	rm -rf $(OBJS)

fclean: clean
	rm -rf $(NAME)

re: fclean all

exec: re
		./$(NAME)

100:
		@./$(NAME) "-2434 -5232 -433 -9069 -8224 6691 7842 -3428 2091 9111 8396 947 607 5396 3177 6240 -2021 -6754 3867 -714 -8310 -975 4899 -3479 -9165 -3557 -7718 4507 -862 -3907 -7166 476 6251 119 -9985 6470 3681 -9514 -5096 -6171 9491 4895 -8426 -8023 353 -8715 8510 -9319 -309 -6971 -7383 -327 -6333 8153 977 5950 2260 -562 -9725 9441 -9378 -5197 3990 -96 -8904 -2114 -6808 -151 2989 -6215 -4617 -2044 -1071 8192 1207 -2372 4692 467 -5703 -6833 2644 8157 4621 8043 -9116 -8731 7641 -1870 7636 -1162 -8168 -1906 8601 2011 -1718 -8469 -5322 -4734 2757 -5817"

1000: 
		@./$(NAME) "-5310 -3668 -5382 5169 -2520 -2876 -2722 6382 -5394 7962 -724 -7336 6158 4018 -8674 -510 2119 -7476 -6269 -1923 7685 3061 3187 5688 8520 -9405 632 -9644 2293 2416 9870 5104 8844 8971 -4373 -4793 6238 7938 -5624 -7944 8860 2420 6700 6739 -2002 4196 -2788 7115 -9543 5559 2869 -3149 -4956 -985 -5252 6157 -1970 894 4551 -8682 -8123 8125 -175 209 2013 2851 -4985 -5016 9767 -6651 -902 8800 217 -4652 7207 8414 -7396 6698 5215 -2524 -3993 1254 -3824 5889 -1516 -414 4395 9864 6535 -6165 -9786 -7985 -3608 -3475 170 -8195 7248 3251 8707 -8700 -4440 8332 5960 9245 6242 9778 5056 5737 8946 -4647 9876 -7410 -7754 6637 1689 -5097 5225 -6718 -3724 9801 7073 9216 9638 -9379 -7108 9097 -6111 9332 -3921 -839 3920 -8470 -360 -7819 7860 -2192 -5068 4058 3224 7424 -9542 2871 8331 8686 -7572 7948 2185 408 -4279 -5150 -5002 5369 6617 9317 7253 -5556 1960 -1408 -134 -5710 -1052 -7342 -1165 2124 -1742 4303 2211 -7882 -446 1185 -7120 6989 -7196 9610 -6369 6263 6378 4864 7391 -5655 -2939 1826 -1312 -9176 -9637 -8888 -7863 -7026 -5473 -8887 7494 6436 -9022 -3068 9343 319 1616 -7477 1028 1799 9604 -2006 7418 4808 9397 -5703 6525 -7693 5109 2350 -3513 6132 6708 7280 -8727 -3992 -154 2883 -8048 -5727 9470 -2491 -7182 2085 744 -88 -9167 8417 6059 974 8300 -5724 -8590 1547 -7451 -7634 -1922 -4446 -7813 -3448 -3396 1024 -6516 5868 2184 1855 -429 7623 4895 -9490 7747 4634 -8531 -6551 6693 7307 -905 6878 8495 4363 -3690 -5748 -2747 4537 -2278 3759 3636 -8844 2821 -2987 -948 6044 6343 -234 5248 3482 2246 5702 -8489 3070 8099 -5156 6997 -3214 2520 8209 -3509 5805 134 7893 6973 391 -6120 2787 4900 5419 -4855 -6676 -8091 -1513 -4466 -7588 2559 707 6626 -273 -2393 -2834 1087 -5685 -3258 -8872 471 -7686 2321 3633 -9289 -5859 -4660 7679 5752 7976 -3012 8921 -4828 -9583 9382 -7029 -290 3302 -8479 -5516 9723 -5177 1042 -3722 4176 7162 1392 -2593 -6658 997 -3402 7519 -3505 -8656 -5996 6939 -3887 -1614 -5240 3403 -90 -4727 198 -5085 -6669 -6628 -1468 -9243 1436 -2666 -959 7231 640 8317 8487 -679 -7274 -7513 1361 -110 -5593 9171 -2181 6743 -1780 9024 3424 368 -5142 2285 2986 -8970 4938 4127 4221 -3123 -7996 -1442 -3862 8049 -4827 -6960 -5777 -5534 5073 -2744 5643 -3040 -8419 -3335 -3018 -69 6127 5542 5701 -4541 4693 7052 -7413 2002 719 -885 5469 8858 7940 -9863 2037 -9483 -3357 2560 -793 9493 -4006 -3080 6607 7531 -8333 7550 -6419 -1654 851 -145 -6438 6795 464 -1310 -4292 9810 9379 -6909 6568 -5513 -9036 -6226 637 -7557 1708 8371 4753 -6944 5536 8036 9285 -7094 -2626 -1530 -8574 -5017 -9252 5941 5038 4801 3143 5656 6766 -4612 -7926 5405 -7203 8471 6800 -8509 7132 -4609 9108 -4473 2249 2625 -6496 -4502 2845 -5129 -1262 5790 9854 6282 -5977 2628 4820 -2934 5995 -370 2072 4258 -8423 5699 2572 3785 8161 -7495 7018 5768 -3800 -574 -4553 -8070 -3115 -8444 1496 3611 6013 4057 3294 -2785 6326 9515 -1438 -8248 2885 3658 -5386 6384 5190 2699 8956 1992 -1228 5379 -9127 -1560 -7150 5916 -7212 -2384 4942 9982 -40 -8190 2645 3938 7127 2016 -9859 -9498 6582 -5882 -3977 153 -135 -5278 1515 -4782 7960 -3398 8879 -8545 3201 3977 -6568 4981 4885 9978 -1649 574 -2991 -7562 -1500 -2277 5717 -9968 -5826 511 2094 5945 -2420 4852 -409 -5602 -7552 -3884 -3063 -2859 -9933 2220 5584 904 1101 -3760 -8309 -5820 9446 -5406 3481 3344 -662 -2712 -2324 2095 8901 1582 9534 -1972 -598 5546 7526 5473 -5232 -827 253 8449 -1651 1232 9510 -7655 -4231 -8874 -4616 3774 7767 3895 -3981 8802 -5695 1313 1683 -1206 -6314 1248 6360 -8013 -1666 1520 6456 4419 9851 9708 3726 7243 -621 5497 -4909 -5329 -5904 5202 6520 9916 -9048 2430 -4058 5407 7988 5640 6321 -8267 -7908 510 -7886 1684 -5423 -562 3083 3010 -3219 6489 4670 -2599 -4499 -8709 -6156 -3022 7087 2274 -185 5881 -5184 3368 3027 2172 -3244 -3893 1668 -3381 -3369 -1483 6293 8720 -2129 -8774 -4837 -690 -1123 6138 7298 -6459 2078 4304 -5392 -9067 -3378 -7525 7585 1352 -2290 9224 3911 4699 9812 2441 -6819 -5175 1421 -6972 -9286 805 4066 -1413 4163 2743 -1081 6057 9945 -2406 1651 -5673 -5480 -7895 -5388 -7170 -3648 406 -6238 -6709 -3454 -8146 9280 5581 3933 1452 -8878 -1435 -7802 8189 -4862 -2655 -6313 1597 -3644 6146 -7394 5054 7204 5189 -3197 -9838 5198 8972 -2776 -9107 -7186 1834 746 5827 7562 4876 5400 9291 8455 2058 -6935 7291 -3030 -9949 -2981 -5971 6513 -1290 -7679 7328 7365 8600 698 3034 3781 9430 -7608 8779 642 6247 -4120 490 -8242 -3734 -6637 8579 4028 705 2943 -4926 -1163 -38 -6809 -4021 2160 8685 8362 -6325 -4471 -3839 -5325 5549 -5383 4169 354 7672 4772 -6810 180 4734 -1048 2100 -5193 -4610 779 990 5899 7107 -9976 -269 90 9755 -5415 2638 -7668 5120 4179 -9737 -9359 8641 -6427 8476 6000 6375 5145 3975 1696 542 5853 2570 -525 1312 -3116 3496 -8711 9158 -504 6967 1519 -8095 -1404 -1207 -1487 4271 -5007 5146 -4586 9687 6867 1871 5059 8482 -6618 -7706 -4567 -8842 -1464 2864 3057 3359 -4493 450 -3075 9297 160 -3928 -3446 5966 8202 -8544 6473 3891 -3715 -9504 -4433 -7116 4111 4631 4632 5226 9483 7371 9909 5205 910 -8910 9311 -5246 -3158 8386 4273 -3604 -4339 -9058 -3230 9146 5067 8312 838 -4331 9974 -8922 -9366 8323 -2105 6792 2676 -2696 -7808 208 2685 -3729 -1898 686 567 -4707 -2308 -1350 -1522 1219 2259 7014 -6392 -1792 -7884 3640 -8443 -5958 3670 -2157 -4830 3161 3691 -4664 1728 7190 7069 5630 -1473 -3894 -8281 8980 -8411 -4257 6137 -8049 -9631 -7496 -7000 8060 2245 -8579 7916 2623 -394 9250 5270 4001 -4125 -2380 847 -6663 775 -3606 -2814 -5466 -2183 -2031 -6981 -5132 3000 2928 4213 -3300 3596 9699 -6237 -3699 8384 611"

10000:
		@./$(NAME) "-3536 830 2829 3969 4362 4102 9706 -3858 6485 119 -1240 5430 6611 -2573 2174 -9506 4388 -2734 8844 8071 7073 -5804 -899 6630 -5172 -2756 -4270 3648 -3696 -4300 7336 6091 8923 -3304 -1551 -4429 5885 -7076 7130 5188 -9451 -9129 -630 -8262 -5434 8390 -414 737 3741 -9093 -5833 3004 -4856 -5774 -9002 222 -5621 -5101 8780 1420 -581 -1802 -3526 -2470 -5454 -6705 9401 1810 7141 1218 -2771 539 -3352 4779 8471 -1708 -2969 -1570 6836 4784 8521 -6288 -6816 9583 -8617 3544 6206 -9111 -460 3025 -6782 9575 -7872 -9267 -1187 -1243 -5917 6176 -2947 -4954 8371 -4892 -5553 -20 -3885 -17 2994 -1602 -5845 -5799 5411 9919 9264 7543 4445 -2050 2872 9576 -6219 -6470 2046 -4487 -1928 9478 594 -3458 -9235 5382 -1562 314 -1620 -2390 9369 635 8253 488 9275 -8034 -1712 2348 -4984 -3547 -1075 -8808 1020 -1944 -7901 -6906 -4206 -2939 1797 5767 -5687 589 5547 -3619 4968 2455 4905 8167 -7068 -7529 6855 8912 1034 5931 2998 -5351 -6307 -5352 -206 -5191 1828 6478 7586 -8118 5710 -8470 -8972 3636 829 -5886 5163 992 9146 -4631 -3994 9250 -4195 -4159 -5342 412 6268 -360 8783 6219 1889 -6714 6721 118 5396 6126 9203 8295 -3105 900 -1473 8637 7998 -8637 -1917 4178 -3125 6993 9503 -6156 6925 -5150 -6854 -3563 -1981 155 2215 -1341 -1395 -5152 2591 2390 7670 1801 9934 -4600 1258 2357 -9025 4571 -4698 7240 2525 261 -3715 9187 -8417 4089 -6524 -7934 3255 4015 7609 358 8556 -6123 -3492 -4862 -4584 3183 6740 -1946 3382 7750 -7400 -2711 -4100 -2667 7184 -6935 711 8654 4841 -8839 -9274 1401 -2484 -3191 9863 -8958 9791 -8508 6967 -1285 7155 7312 -6072 4052 241 9123 -4033 -25 -2546 5002 -7006 -1028 9880 -4223 7493 4056 5658 4774 -4761 -8615 8292 6653 1375 -2955 6919 -9162 -1367 9943 -4052 5066 -1007 4932 -1831 8506 -7287 -542 8554 -4077 5762 -4644 9101 -8182 1079 -1530 -796 -9173 4394 163 4188 9666 -8198 1817 6209 -4094 7730 -4252 3570 5783 -727 -5671 -376 172 1908 8874 217 9238 -9769 2298 -8026 -1119 -2451 -8883 3460 8856 -3306 -4729 1949 7151 -39 7354 4942 -211 4182 -4827 -6026 2656 -1832 -4525 -2206 -585 6320 -2160 4604 5654 8914 -7035 -3894 1991 8314 -648 2147 5519 -849 9540 2447 -4744 -7597 285 -3301 5972 2396 8137 -203 1206 1581 -6365 2172 -8486 -3351 -8609 -8505 6084 -645 6543 -6715 -6422 -9646 1443 2908 5488 7004 6523 -4315 -2849 9899 -4562 9014 -3344 -9870 1151 3736 -8684 -7345 -2872 -8318 -4230 -971 1509 -8330 5864 -9000 -8095 -7877 7946 -856 7347 -1080 -1631 -2461 -9145 3883 1763 -6017 7720 4653 9614 2660 2137 -2723 4191 7805 -47 5733 -6827 -6258 -4582 -9360 9537 918 8210 6002 -4922 -4092 4707 7791 9797 4735 1111 7139 7656 -4821 2472 9767 -1488 2352 -7760 3543 2198 2358 -7430 -5839 3662 4449 4550 -5429 1132 -4233 -8108 3410 -8945 3689 434 2385 987 -9052 -9922 8406 8734 -299 2091 -8322 -9511 5038 2286 -2449 -1629 -4560 -8590 -6941 -8059 -5067 -9955 -7867 6717 3877 -5664 -2685 -4758 9722 -8764 -847 2168 -4883 -6434 6547 562 -1535 -4968 5014 4005 380 -6869 -1236 -5010 -5693 551 9316 502 -4645 6227 4107 9255 -3440 -9921 2072 7230 -8461 5811 -6677 1599 -1213 -2894 6092 2081 -2639 -4356 -8303 -2139 1014 -91 4947 -945 9034 2954 -7000 748 -7116 3659 3939 691 -6035 -7420 2440 -9272 6120 1110 5023 7433 -304 -1549 -1481 -612 -98 -9650 -8469 7289 -9924 -7173 5726 -8642 -2244 -1424 -553 -3264 9937 2265 -778 3468 5835 -8241 -3584 2798 9284 -5363 -9815 -9976 -2176 3724 -4084 5211 -54 -9062 -7809 1906 752 -3626 26 -1596 -6174 -7484 -9125 2593 -8995 -3968 6560 -7 -8894 -5323 -9222 -9117 -5016 7836 5247 9176 6550 3001 -9257 -667 -1335 3982 9587 9366 -8572 -6131 -7577 -5301 9956 -7465 2304 -6318 -866 8104 540 5072 -4054 7104 4116 567 -6104 -2975 -961 -6834 -1902 -9236 -1357 -5912 6981 -927 655 -8408 -9944 -3228 -8520 3099 5856 -8919 6078 -2287 -5272 -8170 6939 1628 -6901 6021 6806 5481 2679 5799 -391 -556 1566 -2827 8788 -661 -7648 1945 7349 -1543 -942 -2586 1779 3786 7939 7273 -3812 1331 7432 9728 5374 901 1457 -941 4864 -7779 -6749 -1750 6922 -2472 6460 -5426 -2542 6387 3874 5025 -2880 -4540 -9105 9644 -80 7214 -7137 1088 -7575 -3072 -9250 1898 8204 -8925 -3143 -4334 7617 2027 2973 -1976 -6645 9821 6829 2848 706 -2590 2936 -7511 3309 -1636 6613 4651 6773 4652 -309 5266 -3371 -451 8052 36 -6659 -9479 2516 2150 2419 -6646 2216 -4361 1607 -9970 2090 9251 2199 -287 4712 996 -2170 6584 -6222 -9313 1242 -5692 9992 6318 -4471 6746 6913 6595 6615 -1145 2649 7524 961 -5102 800 -8060 -7891 -295 -5970 -6679 -2683 4731 -8940 9695 -4529 -1061 -9613 5800 -1836 -5137 -3461 -2743 -175 -6612 188 -4528 -9060 -2598 8938 -5816 3862 1138 -7375 -3480 -1086 -5560 6645 -7720 991 1359 5986 -2845 3837 5865 -3115 3305 -7578 8396 3021 -257 -8631 2639 -58 8102 5956 -5849 9373 5151 -4990 -7052 -5783 1621 -5097 -1600 2245 7322 -9407 1471 -3328 -8233 -5041 -117 -7118 -4829 -8957 -114 -6342 -1396 7687 -8195 4190 -2633 3111 -2671 9521 1575 7366 -3787 9558 3704 -6584 -2801 4574 6156 8692 -4397 9051 2251 -5834 -2809 1129 -4462 -1716 4292 -7409 -6305 4356 5245 716 -3618 -2959 341 -1515 3438 -4641 -7920 3834 4145 6908 -1890 3304 7229 5248 3476 5566 2549 -7991 5725 218 -6541 -565 3806 -1105 9528 -6625 -3735 9759 -8341 3372 -8078 -4846 -7331 9802 -9993 -6652 -534 8550 -4974 9884 4203 3751 2887 -5763 7165 -2386 -5389 6141 -4384 7053 -7391 3190 -7239 -4186 -8269 -335 8913 3729 -8746 -9670 7407 1000 -8360 -2798 5326 -5410 2259 -4552 139 -2158 -9029 -4696 6117 2402 2533 7827 -1089 -2321 -3057 -2335 -7923 4348 -2048 472 9418 -8480 -689 1905 -1348 -1966 3238 8640 5951 -21 2822 -3398 3359 -9048 -9637 -2547 1105 -2088 8502 1897 3603 6870 1594 -5320 4815 -1732 -2347 6532 -8090 -9164 74 4447 8947 -4845 9634 2895 2128 5677 -6848 -7110 7417 6834 7024 -378 -9354 -7740 7855 8468 2671 6351 -8203 834 -6799 -3074 -9900 2581 -4140 -5159 6989 -3794 5825 1986 -9657 -3318 -7714 -22 4078 -646 -9084 -6368 9471 313 2813 -2504 -4741 456 2911 -6407 -6220 -5579 7376 -5750 8141 2448 -8833 7271 -2797 5306 695 -7002 2400 5390 5578 2468 -9635 9315 409 -6095 -3240 7505 -3992 -5407 528 8040 -5823 1909 1739 -4011 4017 -1040 15 184 6224 -5604 8988 -7162 300 2380 -9211 2326 861 5076 -5086 -3598 84 -6658 -127 8972 8261 3567 560 -4417 8929 3054 -7071 -4668 -4594 -9860 -4055 -7566 7710 -4099 -7799 -5294 -164 7561 3022 3069 6643 8300 -4173 1914 3848 4820 -6392 9470 1023 7477 5143 -5641 1922 -5798 -9504 5969 -8653 4705 -1835 9835 -8253 -2282 -92 7921 -7555 7320 7440 -9913 9307 5779 8380 8378 3854 -1605 9783 9822 -7332 -1013 5583 -5575 9691 -8427 6401 5569 -4648 -4955 -9353 -5613 2325 7725 -8054 -2850 -6954 9068 -7976 -3085 311 -3585 4772 -7794 -1697 -7060 8090 9546 -6306 9017 5687 -2721 9021 -6857 2592 244 -6400 -4325 -765 -6167 -8351 1557 -3103 9347 2401 323 -8821 -3408 5074 450 2029 7650 -5766 -5825 179 -6201 3652 1808 9556 1269 6533 4414 -6265 -3928 -1545 -9611 6031 -6278 1046 -2658 -3754 7866 2446 1381 5258 8231 -1743 2670 -6605 -8777 -8128 -6716 9216 9062 4994 5929 -1526 -1669 -5424 -9579 -8333 -4370 9390 1520 784 7500 -3757 -965 -3854 5216 -9524 5997 -3337 9667 1468 -5161 -7231 -793 -1830 5611 -7236 -5806 4760 -2610 2852 5678 4537 -4693 -5215 5712 -3972 9442 -9066 8847 -7453 4211 6900 -2607 -508 -462 -7242 3256 -8028 4857 3875 -8280 -5925 -6040 -8664 -2301 -3317 -2669 -158 -3730 -3741 8403 6175 2158 -124 6669 7891 2783 1053 3580 -9198 -5846 3784 -5151 2623 -2138 -8716 6780 -4024 -1446 4924 -4888 -5028 2789 -5623 -8772 8908 -7259 581 1474 -9326 -3084 -6808 1715 6315 6123 -3070 -8552 -4200 -8929 -8494 -5801 -9358 6424 5052 -2159 2776 -4453 6359 -3502 -6701 -5188 93 7772 3881 -1713 9565 312 799 -1436 4799 -2724 3336 -134 -7419 1152 -8096 4983 -130 -7059 6456 -1985 4059 -8938 2106 2837 6215 8171 -5246 -4438 -1823 -1359 -7131 8666 -142 -3175 -9574 -2252 5588 68 4425 -7066 3611 8688 -7125 3938 7637 5084 6069 -5079 6009 3044 4796 -1877 4553 -7946 5253 8376 5699 7975 -227 -2016 -6751 -1752 -5060 -8982 -1074 6632 -7821 4009 8854 -929 9151 -8718 -5341 -1837 4878 7476 3231 -7791 -7115 3626 -3166 -1679 5256 -2008 5890 4654 6521 -8709 -7518 -2705 4209 1195 6331 -7880 -5522 1554 4194 4792 -1554 5537 1762 9989 6100 1394 4377 -2706 8876 -3065 -1721 -8979 -8085 6127 9384 9959 -7944 -7452 -631 -183 3315 197 -9064 -1140 -7405 -5054 -7689 -3648 -1288 2343 -3220 4342 -345 7506 -5803 -3475 -8009 2767 2508 -487 1324 -5274 -1203 -1622 -4603 9072 -2247 -3218 893 677 5295 -181 7295 8459 -9778 -8852 5857 9462 -1567 -9455 1644 -471 506 3798 -1565 -8254 -9144 -2313 -6927 -2255 5754 -3313 193 9787 -3989 -6155 -2147 -7642 1588 5761 -8489 1428 2140 9900 -6478 -1219 -7949 -1812 -5626 -7202 -6085 -798 5303 2537 -7007 -6157 -9897 6893 -7156 5198 -5646 -3205 353 -5153 -8993 9501 -5667 -5850 8985 7302 8034 -403 -4628 -3478 6553 3210 -7828 7834 -5736 9905 7823 -2993 8542 -5453 4043 7821 99 95 -3237 694 8796 6409 9647 6707 5637 -9003 7582 -6910 -9594 -5226 -6890 5618 8799 6640 -9269 -8943 -4110 -3137 9189 1783 -2995 -6127 -3734 -2715 -128 -6033 -1364 -8703 227 2717 4284 2166 5361 2701 -6580 680 -604 3259 601 -7460 7507 -9324 -3811 -9788 7604 8441 -5624 5688 7076 1295 -6750 8132 -4442 -6732 4087 -9366 -7707 -1034 -6736 3551 6053 -7825 -7011 -590 -7921 -7906 -9621 3482 504 1204 -9478 -422 -4463 -5138 7779 7631 3992 -315 -8445 8319 1632 5759 -1198 -6142 -9519 -858 4307 7965 181 619 -8093 -90 543 1596 8443 944 8889 -5144 1365 8711 6903 4635 1847 6676 5608 -3540 8955 9687 7692 -1228 -6297 6051 -4061 -8658 8155 4032 -7539 8897 -4327 2555 -1229 -822 -6643 -7546 -1961 88 9416 -8650 -5603 1529 1603 7459 2867 -6853 -864 8354 -5913 -7396 -4636 4914 -7443 6648 471 4582 4977 857 -1252 4495 -5480 7856 -1202 -8361 -5237 -2291 4902 -2322 3647 2715 -7749 9627 9295 -3776 -5169 -2885 -8002 -957 7943 1085 7709 -7595 -6895 -6269 -7213 -4824 7643 4177 -6028 5450 -1486 -9500 5314 -6168 -5311 5905 -1459 -4909 6397 -4224 9987 -1139 5222 -1041 8645 7426 -1862 -9341 2553 1639 7168 559 1569 -1099 9616 -676 9656 4998 -5966 -5677 -3573 -8565 768 -6182 -9441 1379 4963 -8693 -7012 -7442 5988 6099 -5364 8748 9708 9831 1774 8011 7368 -1677 -4848 -8274 -5257 3028 8434 4802 4186 -1330 3586 -4958 9808 -1571 -6141 8793 -3922 -7933 7161 5562 1449 297 -9290 -7762 -5449 9522 -6062 4835 4765 2488 5892 -9082 -8250 -3920 -9056 -4709 9570 -2267 4011 3461 7784 -3896 208 -5827 -7078 126 -665 744 1488 5238 7116 -3950 -9241 -8732 -5971 -5256 -4182 1595 3962 2074 4422 -9642 2273 5126 -3100 995 780 -9315 1398 -7496 -474 4890 4143 -3187 1352 6715 1923 -555 3469 6697 -6360 -4041 2281 -342 1241 4001 2831 -5451 -3261 9218 1055 6149 -3813 1737 8948 7365 7247 6912 -3101 3459 -7098 -3612 2176 -6920 -7681 -4310 2443 7408 -9276 -2232 5621 -4753 779 6034 6540 7957 -1989 -3467 7266 6988 -2725 -1760 16 2688 7513 -7602 6772 -9180 -3809 9085 -8778 9261 8305 8999 -4900 8850 -7301 9428 -189 5697 -2702 -7226 825 -2747 9711 -6144 -733 2177 -254 9563 -7039 8179 9288 3613 -49 -5185 4869 -8295 1389 6691 9789 2495 3550 -7983 -7705 -7386 -8798 3377 -2473 -5017 -2369 -5571 -1709 939 -3890 -3977 -7359 5821 6690 -1723 4986 6814 2026 337 329 8586 -492 9737 6990 3728 1528 -9136 5771 -688 136 -4499 8112 -6717 -970 7082 -4118 1099 -2118 9677 8893 -7796 -3107 7610 4268 965 4564 -1753 7898 6402 -1264 -1782 8777 -4655 -9118 -4607 -9134 5294 -7904 -6437 8393 4640 3589 -4482 7397 -3675 -5347 -838 -6583 -6649 5916 -6315 2988 4283 48 -6949 1147 -9981 -7417 4333 -9507 -2693 -9615 4420 8624 8555 -2241 -1987 -1864 -278 3552 2024 4493 156 -2979 -8192 -5938 -683 2432 -7955 9798 5447 8466 -9681 -1100 -453 -6599 -537 8782 990 -3346 643 -7905 -4166 6357 1773 -3244 443 2224 -5684 -8414 5967 2060 -7095 -4022 -2651 -1163 3087 7835 -2227 -8292 2657 8366 7885 2780 -6414 -9875 -1555 6752 -3409 2538 -7042 -7099 -5002 970 7301 -9307 -8922 -5030 6350 -5281 4475 -2415 1372 3807 8764 6461 5350 -4551 -4150 3596 1813 -4567 5098 3867 518 -8847 -1516 2404 -8708 1994 2847 5142 7129 6312 -2884 -1123 3369 -6631 8695 -7827 -8692 -6379 663 -8202 1009 5146 806 -2761 3591 100 -9599 -7477 -2506 1133 465 266 4793 9445 -1096 -5186 7728 5524 4619 -3149 -7874 3203 -1499 577 2212 -3874 390 1362 -1900 8863 1404 4152 7465 1432 -3834 -3024 5169 4742 2340 -6704 -1740 9544 8218 -547 730 -6503 -2195 3656 -2972 7969 3287 9444 5947 -6013 9020 -4926 -9884 7180 9317 -9243 209 9945 -9853 -7928 2524 1866 -6923 -2115 -5310 -7893 -2968 9561 6818 1743 1178 9092 -6388 -2292 2393 -6010 4184 7840 -9331 5690 -3601 -4299 -1664 -4906 19 -9409 9717 6651 4545 4675 -9363 -8651 -5830 4872 -7279 -3608 -2833 -8285 9286 5753 -8232 4167 5928 -4095 5863 -9068 -2961 9262 1642 -4574 7778 -6530 2204 9642 9617 -5295 6921 8928 -2983 -9279 -9971 -2096 4129 2793 4540 -2903 4958 8191 -4685 -9767 3097 3709 -6320 -5857 5175 2713 -1262 -5911 3553 3155 -271 -2342 -6260 5033 1224 4490 5897 -9087 2011 157 -3097 6439 -4967 -3904 5745 -3839 2010 -2909 9671 -6475 2857 2269 -5413 2942 3773 8020 4457 -8057 -8313 -9982 -8213 -6718 -2070 1332 4918 -6924 -3924 9024 -6212 3712 -8950 -3908 -7766 -5187 -5179 3223 1245 2289 5808 -9179 -7601 683 7906 7092 2104 -4931 8355 8038 2093 -2077 -6653 -1963 1791 870 -8473 -7941 -3572 1814 1235 5540 -4137 3229 -6647 -5055 2825 -6286 5681 9542 86 1933 3799 5213 1856 9243 -9220 1730 -9570 4273 -7364 6850 477 697 -8770 6816 3565 -1788 5751 607 8809 -955 -2221 -7204 5610 1709 4591 -1891 2444 3389 610 -4624 9510 -5606 9641 6201 4095 -4412 -8247 9723 -3122 -6723 4804 -3631 -6229 -7942 3805 -8487 -6098 -952 9742 -7759 -1851 2845 -1331 3014 -8014 -8176 4360 6190 2294 -8999 8860 -6993 -8573 3730 2892 -6107 8925 339 8383 7339 -9534 7035 -239 4598 -5856 -1408 2306 -4986 6644 1510 -7175 3646 -5999 -4437 429 8164 420 -9871 -2932 -7738 -7623 -2036 3176 -9781 1317 -6601 -4790 -7693 -3761 8953 -7124 -2691 8712 3752 4946 -5260 568 512 4980 4239 -8976 -6673 6564 869 -4042 -6302 3207 -6016 9990 -5749 7532 -7251 8242 7484 338 6321 -5423 8911 1484 5840 -7448 4750 9876 -7963 -5628 1912 -1698 -4338 3770 -5882 8345 4889 8331 1310 9253 -7402 2252 -8620 8185 9010 -331 8883 -5681 8217 7563 5065 6326 -9696 -2812 -3027 167 3114 4818 1691 -4985 -2597 5050 -6867 4680 5251 -5807 -2133 -1531 3791 -2912 2506 5271 8379 7421 9867 -4550 -9995 2781 4752 1969 2532 5980 3658 4544 3181 -495 -762 -2211 -1586 3421 -7203 -3282 -3609 6132 5671 6476 -1309 -3637 5453 -5328 -1773 3483 2612 7804 -8862 7754 -1777 3507 -9572 -3457 -9555 -9933 9142 -6536 -2733 2987 -6119 -6043 -3255 -9287 9231 -1798 -2523 -8667 -9966 7099 1101 6965 -2892 2982 6237 6572 5581 333 -7082 359 -5796 -766 7387 -3364 -9809 5273 -6937 9650 -5401 1252 6469 -270 4931 8750 6441 6058 2020 8350 7681 2350 6505 -6398 -2873 -9163 6143 6374 -2762 8937 3475 3788 1440 6877 -9063 9177 -1410 -249 -4221 6447 1672 -5520 -6088 9600 51 -2325 -8377 -2795 1649 8957 -9912 2451 -4058 8 -4210 -1520 -8719 -5018 -2358 -5881 -2098 -2463 3988 6542 -4861 278 5680 9938 -7989 6243 -2596 -9800 2577 -101 -2867 -6456 3959 -5327 5264 6077 6923 -8601 -5582 1264 -6967 5979 2974 7052 8617 2376 1753 3333 -5315 7762 -3701 -7702 -312 5201 -6778 7210 -353 3775 5301 -7372 -6102 -3990 -967 -5976 -9610 9039 -9723 -3486 7798 -1024 4713 7205 9168 5777 2860 1247 -827 -6228 4590 -6289 3685 3308 -5678 1285 -9333 -6914 -159 -273 -4013 -9822 8424 -499 8696 -1651 1361 9326 -9697 1380 9755 -2442 -2644 -5131 5305 -636 -2238 -313 8129 1784 8351 7371 -2991 -6907 -608 8131 4157 9623 -5942 109 3257 5240 -4957 -8529 6515 272 651 -1969 -6163 2890 5316 -5990 1330 -7984 -4198 -8997 5714 6654 -6480 -7264 9878 6191 832 2757 7877 -5498 6463 -7731 1966 -294 -764 8069 -34 -8953 3324 9458 -8010 -4015 8648 -4755 3345 3811 3720 5544 -1681 6666 -2764 4798 6598 -4484 -9176 -7221 8536 3891 -7084 -8201 4418 -4910 -5534 -3964 9260 -3251 7036 -9833 -1081 4278 -2946 -1321 520 5798 8275 7811 4344 -1774 -4788 -9609 7565 9662 8765 -4260 -6116 947 5937 -9645 1493 4967 3189 1517 -7462 -5370 249 -3254 2308 -6410 -8449 -9219 7423 8665 5221 2590 1638 6491 3592 6636 1968 5180 886 -6805 141 388 1483 -7470 2064 5631 -4547 -9603 2227 -5099 -3158 5661 6861 -4388 2993 8714 9303 -6253 6134 -1376 -8616 9301 -9152 8234 -3397 -4943 -7621 -2883 492 6272 -3939 -5242 -8613 -6785 8467 -9107 -8069 -3672 8548 816 -8989 5879 7602 -1030 5009 2347 1437 7115 -3951 7456 5741 5416 2558 8186 -3080 5781 4621 1208 9883 2175 4323 -5848 2915 -4047 9949 -4366 -5108 7929 5711 3871 -3628 67 7299 -6343 -5809 6448 -3339 8903 -3772 -7191 9724 -3995 -5900 -6951 9872 -3949 8494 -5909 -6132 5354 -4111 3330 -2376 5215 3411 4294 2812 8453 -850 -4014 -6145 -8453 -1507 -5699 630 8087 -8887 -9927 2322 -314 8779 -2622 -749 2463 -6725 25 -1138 -6442 7708 -6757 -1939 -8540 1344 -3216 1614 4489 -721 -3271 5439 -5551 -3129 710 -3512 5792 2206 -7451 -3515 7090 6837 -7515 6005 -5805 9272 4612 5101 -5865 -8532 6306 -3285 303 -999 -194 7735 -4916 -8830 2621 4618 6716 -4634 6340 -6802 6704 9131 -2279 -8259 1072 169 -6921 -639 -2101 3829 4500 -8196 -6961 -4777 -9948 -9698 -1858 -9027 -3290 2584 -3830 3343 8315 3817 2059 -6497 -7723 -9746 -2446 2327 3266 -5287 -7123 -1627 1281 -7108 -601 -374 -4059 -8921 -4546 7326 9828 -6124 4531 -1685 -7838 -9431 -8771 3981 2926 6812 -7388 -9120 -2825 -6002 3740 -7686 -4549 2542 3960 7657 8718 5861 -4782 397 -6964 6874 8384 5173 3448 152 9414 -2453 -3038 -3651 7584 -1233 -5730 -6255 6928 -8884 9804 -5474 1305 7534 2513 2929 7203 -7672 -7561 7101 -7044 -8023 -4660 8381 -5417 1371 2664 2242 -7536 8723 -9533 -6351 826 -930 -4354 2194 -6444 -597 -1962 3588 -9030 -6223 -7746 9651 -8891 -4711 5933 8622 -810 6602 5838 -7037 9089 -1438 -3501 6548 -7678 -2782 7378 -2329 848 9305 -1351 -8378 -3562 7195 -954 7046 1514 -6821 6710 9026 -7910 3710 4055 4751 -2380 2736 -7363 9776 -4204 -5504 -129 -3350 940 -9734 -1789 6385 9436 7996 2481 8454 -7120 1961 5123 7599 1843 -591 -8910 1944 2582 -4240 2992 6719 5612 8022 6937 -8495 -8819 -3973 1397 -9499 8946 8778 17 5277 -8464 5019 3093 -9794 -7922 8321 -4320 9389 -1442 -27 4408 4451 -3230 9604 814 -9531 -8159 6835 3485 7546 -2976 1544 -7751 -2717 -9796 -5475 -1637 1941 9080 2395 5789 4895 -1458 -9113 5448 -6160 2840 3904 -976 -1993 -9956 6073 -7883 3985 8672 7328 -3389 3363 2777 -3155 -6633 1504 -9010 8046 -5733 8932 -8523 -4619 -3996 -205 7736 6157 -7789 3980 -7029 -1419 -89 -1553 -9863 -4947 2101 3225 5945 2477 9870 -9127 -7798 6821 8835 -8570 -4177 1770 9845 -5660 -7614 -7111 -6595 -526 -9526 9985 -3583 -575 -4254 9242 -643 -5514 -1693 -2113 -6335 -5418 8663 1993 -3635 -9627 -3697 6467 1293 6614 -2155 -5391 -429 9610 6207 -2076 770 -7696 2735 8070 -3273 -9581 -7243 6506 3040 -2215 -9423 -8611 -885 6203 6477 -1147 -4218 -3829 -2956 486 5978 3918 -9157 5704 -421 7494 9211 1207 6071 -6453 -3599 6683 6869 176 -5602 -1815 -467 -8854 -9426 5304 -5027 5556 -938 -1193 -78 -7589 879 -469 -5489 -9622 378 6174 5703 3604 9823 9954 -3145 6085 -1377 -7913 3888 4020 7238 4637 6944 318 5313 -1244 -9706 4536 7765 -2112 7621 -1275 -4473 9847 -7534 -4721 -7985 -1404 315 3984 -4672 -3580 -2942 -7608 8404 -1759 -5025 -7781 -839 -1169 2374 3174 1302 7315 -86 -394 92 4290 -8585 3356 4277 -137 -9577 2796 -3793 -7028 -1601 -9516 -3723 -4778 -5714 -2668 -5045 6565 -699 -8549 -3552 9045 -5286 -8044 -3610 -7624 -1318 -3816 -3312 -7449 -7015 7693 -3534 9532 -9438 -5590 -4609 -2857 6047 2082 1757 7796 -3662 5148 -5574 7620 -1467 -3189 7799 1981 8330 -7440 5036 -6039 -1042 -4292 3296 7790 1938 8926 7950 9212 -582 -7102 4996 -8648 1890 -4505 -9821 5057 7738 -2911 -9342 7908 -5478 -3246 7260 367 7789 3629 -2058 4839 -5570 2559 -9238 -9598 -7813 14 4195 -7981 -65 5906 -6730 -3970 4050 9192 4 6052 9256 8146 -5554 4386 -943 9088 7963 -3606 274 -1501 1833 -958 -2689 2680 8006 9663 -8325 -6225 -4232 316 9829 4807 8707 -4036 -8602 3523 5196 3329 1700 3973 7056 2999 5372 4476 9226 -5784 -2151 7889 -7025 1384 3306 -5068 -1435 5000 4450 -6608 -602 -5262 -9930 -9676 3371 3269 -9083 6282 -3878 -4078 3258 4241 5880 1539 -7272 6750 8978 1168 -2480 -1314 -1770 -1153 8081 -9487 -9682 -1098 -5334 -1102 2585 164 -6678 -5847 4862 3331 -8013 946 8690 5170 -8086 2397 -2950 -7456 9170 4922 -2164 4844 -1260 4496 4423 -9961 -5233 -2177 7285 -6787 -2355 -2171 9399 -1533 -2616 -5335 1452 9764 -7020 2574 -6186 1620 1573 -9576 2502 6974 -802 5692 2943 7510 -26 6800 -949 8902 -4588 -726 9059 8943 121 2772 3946 7744 -7902 545 -2372 4374 478 8307 -5550 -1036 9638 4375 2065 -6602 -3694 -1659 3747 -8422 -1892 -480 5351 5200 8845 5391 -6835 7555 -7233 -567 -9864 -3565 -8729 2131 7444 6528 3608 -7538 4539 3403 6287 -7273 -618 3245 -5642 9749 -8413 9358 7587 -2477 2547 5342 -8759 9322 -7765 3769 5461 -2400 -5655 5028 5333 7138 -6468 9190 -355 4688 -1158 1480 4068 5555 -4129 -8567 7288 2708 6629 4485 7395 3060 6167 719 -2819 720 -1780 -7545 -6443 -457 -5666 3633 -2341 -153 -6930 4248 -5696 -9208 -1929 5107 -1572 -4214 -9006 -5432 8214 7065 -1380 8540 -6249 -8411 373 -1895 -2719 -6650 3486 -4340 5698 -2625 -1386 -2859 -5037 9181 9214 -5549 1462 9159 -8008 7438 9624 7641 2613 8361 -2553 1564 -3219 6731 3562 7826 -151 507 6972 -8483 8771 983 1447 7483 -8099 7819 -2408 -6942 -1307 6685 -8242 5310 1655 -674 -6722 -8923 1192 5362 -6889 5381 5013 6 -4806 5813 9237 268 -9688 -694 -1084 -7987 -1678 6961 -7368 -3932 5006 -4006 -5837 7126 8246 9635 -262 -2028 -8358 -1532 8024 -4181 -2973 -3386 -658 8842 -869 2183 -9795 -3227 -8774 7647 -5599 -2240 -8829 2611 -2081 -9402 6594 7367 -1958 -9558 6080 -1256 -9414 -830 7063 -5365 6867 324 -6147 -4171 -6031 -9172 8346 4557 78 5335 -5616 4715 -7341 -8412 7942 -1714 7185 9247 -51 9982 3086 4417 -9314 -4131 6115 -5908 -6391 672 -7571 -9704 746 -8229 -8052 4254 -5175 -1122 -4163 3332 -9623 6121 -8555 4395 1278 -6148 -1725 699 9670 -5706 1578 4639 -6366 -9789 -8866 -7907 7321 -4436 -8794 -6319 1997 -8786 3619 -7552 9496 -3078 7515 2462 9774 -9936 5568 -2337 -8970 7250 2691 8127 -2188 -8846 -443 4845 2486 -5148 1323 -7041 -6024 -3670 -7475 6612 -7653 -5114 -9028 -1860 -8467 6811 -9161 -2539 4474 -7067 -9489 -9166 -3550 9149 2978 6493 -7588 9819 -758 5467 5457 -4800 2297 8045 6596 6766 4950 1158 -3208 4242 1007 203 1188 -4010 1069 2510 -3131 -4676 5595 -814 4656 1765 1836 -7303 -8633 -6501 280 -986 -8031 1100 407 3399 -5445 8987 -1873 -4772 -1430 -2007 2838 4829 9793 -7347 2996 -6697 -5094 2049 -2012 -7211 -3178 5463 1591 -6372 -852 3006 5921 5119 -1888 2668 804 -7140 -6386 9446 -2099 -9112 -5781 4899 -9782 -8586 -7147 -915 -6771 1329 -5943 8159 -5170 -6862 -6789 -2359 -2679 -7244 6753 -1934 -9330 -651 3675 -6490 -2239 1118 4709 564 -3913 -5674 5896 -512 -8867 6536 3195 -735 -708 -3737 7334 7415 -7302 -7083 -568 8909 -8268 9730 -8199 2945 -5346 747 1910 7499 -5385 8900 3146 332 -115 5834 6661 2437 1010 -2901 3885 555 370 7362 999 2284 3920 7158 -4841 -3310 9552 -720 -7635 4139 -5312 -4127 8717 372 614 6434 -875 -904 7363 9851 -8284 -4026 7795 9125 -41 -698 -3311 8627 -5844 2180 -892 8735 -8065 -8629 -4152 3073 2526 8705 6410 9222 6882 -5259 8859 -8741 -9630 -7733 -4188 1802 4567 -9847 -4225 8798 1173 7135 -4421 6910 3831 3395 4725 -9608 -6783 -5333 -8548 -1190 -4229 -3045 -4481 -473 -1325 -4965 1444 3048 -9425 -2132 4984 6722 9349 3926 -468 1070 -5324 276 5444 -4147 -10 7098 -1731 -6682 -9780 8201 -5386 3701 8245 -4441 5254 7581 -886 6792 4603 -6001 -9943 4990 290 -6136 778 7937 -3157 161 -2201 8353 -4117 -9194 9980 6970 3092 -3889 2184 2427 -9123 -8834 -7103 -8745 -1661 -441 -1672 -7704 -2015 3554 -9334 6114 -9690 -3108 -3763 -9320 5615 -1107 592 210 -8853 1414 7660 2466 5793 -3128 8607 -9436 -8266 3914 5024 8846 -2852 5421 7843 6675 -3281 2293 -4105 7517 6487 8583 3261 -3600 4625 1674 4629 18 3458 138 -4261 1356 -8790 1724 7724 -2219 -3530 9515 8806 -3821 -4833 8571 -1761 -8258 -7371 -620 5387 3997 4301 2675 -6474 9598 6700 5552 1824 9621 9555 -1071 -8179 -199 -5659 -3507 3449 1825 7890 -4165 7701 -4608 -7455 656 5597 546 3860 -3180 9276 728 5 3151 -8530 5482 -3826 3870 5822 -1816 -8337 -4 3900 -8696 -6314 -8126 1286 8969 8614 5973 2169 2435 -4858 -3745 7519 8951 6028 -8363 6038 -574 5939 -8787 3594 1492 4318 -3910 1382 -5647 -3722 -1038 9184 -6769 9674 1972 5193 -1407 -653 -7663 -4650 833 2614 4749 2587 293 6682 8960 -8926 7057 -9482 3732 9874 7427 4243 -4151 3301 3902 1244 1935 8917 -7458 -9303 5943 9342 2949 -1085 5564 1891 -1480 -398 4270 8829 3517 -3881 -8816 8172 1927 -5308 -1557 -2769 -614 9150 -3161 4309 5062 9969 5859 -3564 2129 -5162 -2418 -1827 3624 1854 -8710 3989 -4930 6538 -3792 -8535 6307 9381 -8818 -522 4989 -63 -6885 8698 -4629 -3079 -6051 -8146 575 7123 -3367 2744 6946 1648 3077 -4860 7112 -1666 4051 6727 952 -4992 -246 76 8310 -3373 -7280 3810 5728 2484 -132 -7512 -8668 3968 -9370 1834 -8339 -7033 1004 8197 -9256 -3899 9794 8395 500 7818 -5521 8477 -2828 -4196 764 -4867 5531 6413 -6064 -5868 -3762 -4913 3489 3214 6319 -6804 9116 -1766 -1641 3511 3434 2800 -7730 3657 -4875 -8140 6694 -9846 -5195 -3668 -213 513 -8740 9856 -6034 7208 3780 -8835 7342 -2041 -8858 -5372 1321 4795 -6272 -4027 -3455 -426 7978 9215 -4597 4010 -3025 -9328 -4949 -8975 6819 759 -4086 6509 4714 2321 1378 -446 8216 4933 1353 -6189 2213 -8749 2608 -8127 7048 -6514 2905 4819 -8551 -5022 4295 5241 -9293 199 7303 7108 -3882 4081 -9653 -8430 3250 -3326 -7744 -9343 -5620 3191 2277 -9759 4159 2950 -670 7569 -5317 -8779 -9185 -1078 -9260 -2915 -6277 -5289 -1673 7868 7283 6963 1846 -3099 5034 -410 -77 -9663 -1822 -7951 452 -465 -9296 -8423 -9928 9584 6830 4376 -6361 -1258 -2336 9437 -5515 -1563 3978 -7819 6394 -4572 -5050 -4227 4200 -1361 9586 -7132 -438 -9255 8971 2628 -953 -4425 624 -4757 -2011 4250 -2494 4723 -9311 -7215 -6981 -2992 9443 -230 6954 911 3059 2599 9229 -1328 -6027 -2236 6781 -9322 3703 -9495 3953 9111 6945 2773 5806 769 -2943 -5085 -9067 -7953 -873 8342 -8537 5909 -6451 2382 8391 -7130 -1392 7649 -530 5528 -9013 5219 9191 3539 -2464 -3064 5898 1895 8457 5452 -4773 708 -6779 -2922 -1266 1495 9545 -3520 4670 1402 -4093 -4599 -6836 8895 -2789 -1781 8797 1755 -1027 6240 9332 4502 -9624 2791 -45 3320 9236 4316 6039 -3047 -1174 -9389 -3033 3721 -4581 -7628 4534 7874 5125 1274 -8275 -2320 6236 9209 1819 8952 4446 -3415 4825 3321 1561 -4392 -550 6569 4262 402 -9234 -2876 -3239 -8880 928 -5393 -3482 7952 239 2877 8332 -9419 -6118 -3999 -675 57 -8661 8852 959 6444 1494 -344 -7428 1609 -6409 -4304 1580 -9047 4923 3150 7410 -7474 -7390 3354 -4713 1673 7783 6368 8240 -7186 -2957 -8 5649 -7263 -3127 -8212 -7293 9461 -2251 3274 1386 5167 7237 -9651 -2783 -1120 4506 6406 -333 3559 -4825 -9510 -4134 -4823 7688 -3385 413 4430 3749 -3926 9916 -2398 3089 -9744 7936 -1496 6767 1555 -7698 1931 1392 9217 2906 2568 -8663 -7467 8003 9484 5664 4384 -217 5364 -9631 -4169 -1820 6155 8282 -1582 8476 212 6213 9147 6108 -7219 -498 -5029 -6983 -5965 2617 -9553 -8889 4003 -5506 -4107 4435 -4538 -9909 -4869 439 -2433 1850 -8458 6820 -5064 -7146 667 -6648 -5748 3424 -910 -8037 -2728 1090 -5704 -7952 -8671 -8217 -6826 6747 -8886 -5171 4058 -7254 20 -9264 -3577 -1447 -1353 633 -9196 6279 -2290 2384 2055 5415 -9452 -9090 -775 -3303 -8335 2417 1786 -5269 7379 8004 -4337 -2308 -5378 9158 -3089 3068 9164 2221 -4155 -4253 8437 -1349 -1544 -7768 245 -2326 3587 -6639 -998 -2578 -1110 -4789 1292 -7560 -7551 -5537 4645 4787 6995 2979 -9493 -2022 -3082 481 -7990 1030 5640 -4314 -9038 -6622 -7657 -6076 -5501 6344 -3192 -9629 -2087 -2248 -3138 2961 5479 -7526 -5562 1959 9853 -3946 -9754 -2035 7039 -2074 2760 -1217 -4689 6500 -2153 2546 -8114 1054 526 5227 -8791 -8998 -6399 4074 6218 8537 -6241 -8380 1136 -204 -5743 -3545 -3349 -919 8439 -3559 8962 -580 -947 -5905 1427 -9584 -8435 -7032 -8145 5715 4117 -5915 6446 5665 -9432 -6850 -7425 -3452 -9926 2457 7606 -1077 4858 -905 5526 7272 7501 182 -62 -4418 7849 4948 -813 612 2415 6686 8513 1262 -3360 -6883 6502 2720 4853 -4023 4679 2879 2359 -3740 7931 9120 -4371 2694 7787 -6472 -5127 -9424 -255 6868 -2515 -5361 6275 627 8438 3744 -9403 -4787 6600 4150 6373 -5716 -8625 7118 -9288 -5622 -5800 4297 -3801 6956 -8032 -9880 -8441 831 1039 -1998 2726 -4994 -664 -3146 2627 5395 8800 -5632 -2437 -7246 9339 -9091 3498 -3280 -2998 3279 -9848 5355 1210 5869 -6352 3148 -8946 6631 -8817 -5024 -2905 -9648 5484 4966 -595 4091 -8328 8619 3283 -5580 9327 -2897 -6271 -1131 -8688 -5700 -9659 -6806 1917 8053 -486 -8981 5027 4399 558 131 -4602 2441 -6117 2272 -3683 7081 -5546 -5210 -3009 5327 -2645 -8827 6934 -3798 926 -9945 5750 4401 9753 9372 -1298 5920 6557 -3325 -8374 -9393 -3669 4627 3376 9052 -5879 -3720 9195 9661 -6355 -5525 -4813 -3473 -9367 1530 7876 8258 2571 2709 3527 -6403 7479 2276 -8477 -123 -2548 -7564 -9275 -7850 -288 7623 -223 -7128 -7683 -3190 538 8616 -6143 -1747 -9459 1656 -3493 -6465 8821 1679 2156 -1227 6878 -4669 7451 4678 3612 6793 -6458 -6397 -4714 5324 -9949 -3410 112 536 -8443 -4662 -8425 -7784 -5744 7964 6027 -4939 1203 -4548 2037 4587 9966 -431 1877 -703 -2278 7886 1333 -7790 -7343 -6301 -9804 7759 9438 -8705 -4313 3142 6624 9300 1228 -8851 -4836 8629 3465 1521 -4120 2261 3994 -5488 -5874 5307 -6636 -4205 -284 1758 -6977 -241 -2803 -3293 10 4981 4083 -3151 8327 8049 -8165 -5339 -3296 -9832 -3184 -7728 1516 3277 1234 5039 -9829 -491 -8279 -7972 204 -5255 6702 9455 6953 -5273 -5898 6418 -5425 5433 174 5229 -9398 -3096 -280 -9319 -485 3886 -8944 -7859 8795 7676 675 -2906 -16 -7240 -5220 -3366 8546 -6727 12 762 -1150 -1704 4014 5477 7472 1345 -6843 -3160 -560 -2474 -2890 -6290 5161 6641 251 8611 -4884 5259 -2566 4961 -872 -7754 6927 6534 7719 -9762 -5765 9488 -2162 -5760 -5288 319 3514 2336 1275 -297 1693 -1652 -3370 -4189 -4112 8298 -7160 -772 -546 1502 -4215 1768 -3432 5292 -9817 1236 2028 -4784 -4911 5206 -4904 5549 2471 -5675 -5758 -4162 4987 -477 -8003 -9042 317 7968 3668 -3066 5917 -5826 9719 6189 -4651 347 8115 -2964 -1757 -97 -1356 6161 -978 1460 4868 -2614 9367 335 -6968 6635 4919 7480 -6973 -7384 8078 8801 7570 8254 4224 -5831 -1155 8493 -7711 -4444 -991 -9798 -863 7125 -1091 533 863 -2768 -3067 6088 6582 -3141 6057 -8690 4609 7622 6061 2863 2846 -7986 4667 -8312 -8600 -9541 -996 -2423 -2054 -5916 3940 -2509 4764 -9792 -9958 -5181 -2233 4282 -516 -4526 -5277 -610 -4161 -9126 3856 8149 -8550 -5472 -2185 -2416 -862 9801 3846 -1670 -5253 -3292 -7650 3451 -2874 1858 -878 6588 342 -1511 1527 -5231 6361 1696 1051 4616 -265 -7321 -1686 3825 -5484 6518 -1868 -4305 -4133 -940 -8166 4257 9935 -3436 -4069 62 8264 8691 -818 -4950 7119 -9557 5908 -2538 2107 -9600 -6204 50 1193 -1625 8182 -2163 -2835 -9248 2381 8302 -1277 3531 -6487 -782 -242 3053 -2242 7193 -2143 308 -3574 7329 -5349 5764 580 334 -8577 1533 7242 -281 -8463 535 8226 6658 6379 -2231 2580 8387 7883 -4081 3782 -7961 262 -6766 63 -8765 -1234 87 -7878 -3505 -4068 7924 -4301 3139 2070 -5859 -6347 8956 9549 -9114 -6994 3273 -69 9569 -7576 6199 -3401 -6322 6220 -8338 -1238 -9879 -6758 8251 -11 1616 -2166 -3414 3347 1608 2339 -5583 -4564 -7572 -4255 -4121 5996 4205 731 6670 5043 -3765 4552 5955 -8579 -7636 -1735 -356 9886 -9776 -7600 2569 -2665 -3165 -2599 -4946 2278 -6632 -1015 4204 3515 -2224 7025 7153 8534 -1146 9866 2755 4579 9296 -5989 -6420 -9872 1585 -7214 3169 -9189 -5988 -1346 6524 6783 9697 -407 -35 4754 3983 -4197 6906 -7680 -7763 8887 9962 -5813 -2094 -897 -2675 791 -1621 1166 -6128 3684 -9362 -5587 8888 -6036 -6667 7837 2676 -5869 -4908 -8733 7340 6388 -202 5682 7132 -9205 6294 4245 -2854 -1881 -2951 8633 8865 3140 -3130 6417 4870 4555 -3731 -9209 3582 -5384 -8695 -2178 9460 -2821 2239 4646 824 -921 -3319 7297 1699 6196 49 6577 -4960 -5811 -9080 509 5328 8647 5099 -755 5643 8099 -6130 7010 289 7043 -6139 1097 5120 6212 9526 -9777 5486 3815 -989 5155 -3868 -5204 53 2869 -5967 -7836 -6066 7308 8976 -8928 4171 1436 -5975 -322 -9947 1636 1043 6743 -6876 -2361 -73 2560 -6933 -5051 7915 -722 -7054 -5941 5773 5426 -1350 8266 7497 -8372 -248 5124 -2659 6576 -7665 -2620 6574 917 -3427 46 -5438 4383 6390 4158 4263 -3892 9762 4883 -388 -9984 4982 2379 5432 -7179 1971 -9808 6375 8338 3599 -1444 -9850 4193 -8390 -3554 962 4054 3882 6587 9733 -3124 -3091 400 -956 9019 -8399 1501 4267 9803 4110 6451 -1154 2515 5596 2856 3620 -163 -3086 -6534 7851 7197 9513 4511 -4964 -1674 5315 -6198 5356 7672 -898 -5344 -4626 -4116 1049 -1803 7234 3573 5534 2658 -5962 -9174 -4274 -4141 1728 2047 -3766 -1642 -3262 1187 -2207 2155 1733 8927 9047 -8578 3998 6301 -6239 6979 -9679 -6703 2323 2210 7859 -3779 2843 -6593 -5005 5810 -9242 8198 9686 8136 -7291 -5321 -2044 -9059 1675 3165 4863 -9988 -2984 -5266 -4864 1087 755 -7366 -9592 1349 8613 7464 511 -4005 7359 -5245 -157 5383 3325 889 -548 -1043 3578 9032 -357 6817 2728 -310 -5165 -3644 -2619 -5447 1291 9491 1704 -9138 9696 -7473 -5974 6637 -8110 7007 2016 1577 -8222 -1456 5652 1523 8650 5833 -2678 7884 -9607 3667 5965 5862 5210 -5870 -8104 -3925 2955 8388 1289 -2020 3007 -794 -673 1772 -7603 4066 -3243 -7587 2328 -7594 4941 -3076 -2025 8977 1865 -5251 9519 -2765 -4866 -9575 -221 -2698 -9540 -4431 -5135 1987 -9072 -8820 -9043 -8931 -9751 -3050 5982 2703 6083 1669 -9713 2117 542 8715 -8569 4341 8092 -7856 -7053 -55 223 -2051 9766 -7309 -1558 9630 -6353 -3456 9682 948 -5373 -7494 7399 423 5763 2007 -5637 9482 3545 8098 2203 2600 -5290 -950 -5008 6522 -9527 3138 -2275 6824 -5791 -6492 -174 -9325 -75 -3378 -3226 -1148 -1710 -3700 6633 1155 3063 -1003 -1591 286 2080 7175 974 -6332 -3864 1957 -7532 -177 4505 -4122 1103 -8209 -3571 -4622 505 -8160 2307 2995 -3620 -1684 -3613 1489 -7845 3141 28 -3355 6797 -9453 803 -5279 -8751 3112 -9135 -4508 -5095 -2579 6665 -3656 -519 -7153 -3541 8868 -1293 -857 -1527 -42 -5559 9297 -4897 -655 -4279 1940 -7943 -4811 -3767 -9355 -3569 4060 -6943 -1222 -9923 5655 6896 -8974 -6341 8151 -9911 -9347 8769 -1919 4548 3492 8710 -8666 -3204 5302 -8122 -7966 6998 -6874 7697 7023 2127 -4172 -2937 -3870 -9285 7817 3839 9248 2195 -1159 649 -3704 -1787 6228 -8472 -9232 5968 7655 5730 1005 6044 9744 -3023 6442 2782 -1795 4406 -4097 -8955 6372 -678 -4534 8740 -6660 -3845 -5168 -8455 -3212 1989 1065 4685 -3139 -2395 5915 -1284 5032 -9165 1479 110 -4106 -7143 -5779 -9142 -9816 8557 3894 -144 -1852 628 -5754 2953 7663 -7441 5940 -2779 -8954 -2200 -8507 -3223 2023 7133 -8432 -3269 9179 6437 6062 3549 9240 -5643 -5873 750 845 -197 -5239 -8659 6852 902 8257 6288 -2649 -4880 2405 -497 -7510 9133 4404 5285 5140 -5455 -8175 -3732 -7811 -9406 -5771 1887 8560 8857 -392 -8074 8325 5478 8861 -3692 -8047 -6531 -4469 -9667 -4659 4410 4756 6880 -2006 -5994 3524 9178 -8639 -2556 -8968 3249 4138 -2967 9425 -4694 7554 -2541 1405 -372 1416 8119 -9475 -531 4781 4937 585 3128 2116 -9309 -939 2969 2036 1660 7496 7816 -4203 2743 -7446 6831 6158 -7503 -3796 1881 854 -7818 -5056 8219 5623 -3266 -2953 -5240 679 7905 -1108 -3088 -539 -2430 -6383 -1692 8649 -9834 -6109 -8406 -902 6267 3878 -1653 -9785 9227 2152 6285 4165 -5901 -981 9029 3680 9705 1698 7034 8464 2563 3792 -8541 9128 -8188 394 -6291 -1771 7626 -6533 -5113 -9065 -9556 8497 220 -6311 4834 2990 -8384 -1224 6799 -6696 2792 2630 5622 6216 -1450 6992 4275 -3459 -2102 9752 -1111 1200 -1214 -1878 7170 8673 -4178 -8682 9082 7917 2042 7316 -8405 -5654 5127 -9904 -7535 8495 -4750 -8502 -6121 -3167 5115 6671 2469 -6664 -8699 -5503 -3148 -5309 7233 -3943 4542 -417 9330 -8157 -3862 -9968 -8497 1028 4613 2678 70 6718 -2197 2801 7274 3046 -4220 -1186 7430 9213 4471 1170 -5160 2079 4913 4908 7194 3698 -111 2924 -7299 -647 -4109 -8433 -1726 6741 1003 5371 9950 967 5619 7279 -9280 8667 1579 -1850 8790 -4346 -3279 9862 -933 391 -7747 5031 1057 6297 4610 -6133 -7294 4649 4025 6984 -6774 8825 6192 8520 -7569 876 -896 8196 6250 -7557 -1971 5829 9846 -2882 6787 -2615 2874 8013 4904 2714 -2182 3172 9298 2039 -2093 5613 2142 3929 4079 -5670 2094 -2807 9498 -3979 -399 6758 -9108 3632 5269 8118 -7288 1358 -6405 -4179 -6101 -5532 2758 -7421 6163 -4393 7068 -3543 -1076 2434 -6634 4232 -9410 9777 9398 4767 -7274 -5777 4991 -2038 -5584 -6952 -1990 -9881 9580 786 6283 1131 -6273 9405 4614 -3368 8669 -8289 -9685 6650 9637 9233 -83 2896 4736 6300 4896 4028 -6708 2349 -1402 3408 5817 -5340 8843 -5586 -6742 9283 -7613 -7021 9427 -1065 273 -277 4838 -4355 -6417 -8015 3803 6827 9669 1227 6555 1939 4525 4871 -9193 -8296 -3194 -9291 8001 7920 5875 395 -1385 -767 5686 6310 -7077 -8362 -6695 -8512 3639 -2503 -402 5729 -6880 -4945 8411 3037 1412 -583 -6790 5805 -7324 -447 -6606 6573 3532 1373 -2626 7737 9063 -5718 5958 -8538 5234 5053 -7930 1872 1586 -7590 5490 7268 9632 -2448 -7399 5112 -1369 -4345 -4765 9554 -3476 -9709 7314 2338 -383 1175 5059 -3092 8103 -1617 3104 9953 -147 -5184 -4929 -176 -8876 -7950 484 -2904 -2977 6260 -9636 -8299 8456 -6564 4298 -8076 6341 -247 -9654 -3053 4216 5675 6179 7223 -9856 -8297 6087 5902 3917 6892 9466 -6557 5129 7475 2638 -3049 7956 -7855 5410 1524 8125 -6690 -8323 9038 -4717 -5318 1157 -3005 -109 -8735 7945 -6739 2240 -9824 8259 4775 7533 -8863 -9442 4199 -7038 -8353 -362 950 9814 1433 -9973 -1415 8577 -4060 -5500 -3659 -3797 -6576 6032 -6373 -4948 -6813 -5225 -2316 404 -4794 -3196 -4523 -2608 7078 4831 -5720 -2457 -8387 -8702 -5982 7405 5550 -4264 -9086 -6030 4949 -513 3494 -6460 -4174 -7694 5139 530 -4502 -4365 -3958 2689 -9515 7190 -9620 6586 9984 -7980 -2034 -7385 2785 389 -2621 9994 7391 -8855 -187 -232 5818 3428 3194 -3114 6578 5738 -3665 7776 6124 -5221 -552 6125 5936 -3597 1936 685 3501 3117 -3721 -1706 3204 6145 -1872 4743 -8636 -1922 609 2799 6760 214 -2844 -7641 8135 2616 971 1526 703 -790 487 7659 3690 5717 1335 -1699 -6004 -196 -8654 3157 -1479 3676 -8873 4512 914 2946 -2766 -603 -4785 4477 6450 -2697 -6505 2620 7525 -6489 8954 180 -1156 -5528 4783 -7354 1261 -959 -2366 2835 -8807 -4009 -9148 -4586 -8304 -6828 3323 -3276 -3549 9476 -9605 5077 2727 4259 -5053 849 -6071 -1379 -5713 -1270 8097 6421 -8605 1953 2927 -7947 2056 7825 563 5511 7794 7083 6858 5104 1901 8478 -5676 8920 1942 6097 8010 5563 -1125 6890 2092 -4707 664 2423 2373 -6324 -1354 -2793 8768 4004 4543 -1500 5456 -19 -4585 7149 9167 3456 -5457 -8909 1060 3754 -4724 -363 8664 1974 935 1630 7572 1092 -1083 -7700 -6334 -1063 -3921 5635 -4379 8073 3979 9848 4852 -3879 -3523 -3852 -1574 -8231 2952 -5734 -3615 -8644 -9998 5344 5870 -9964 -8320 -3630 9715 8596 -7431 6354 4957 5451 -4048 -4596 4012 -1192 4327 4392 -161 3098 3401 -5249 94 482 -7504 -994 -4541 9410 -9806 787 9601 5102 3312 6983 8886 3571 -8135 7781 8232 -3712 8878 4940 7327 -4980 -7305 -4291 -9514 2764 1793 -7834 -9492 -3836 7357 7509 -5992 9497 -9261 2356 3132 6112 3597 -6955 4683 639 4212 -5430 -8996 -5396 -3616 -3399 1450 8576 -4643 9404 7176 -6707 3394 -5358 3349 -2866 1357 7629 9875 3865 -9601 -6172 9502 -6180 -5263 4568 -4570 -8147 3976 435 -6394 7872 340 3184 -3300 -9825 9055 4959 -2647 -5920 7743 -7795 -4450 -1729 4286 -7086 -1179 6160 1718 -4308 -9071 -1799 -6499 -4667 6049 933 5814 8992 1540 3495 7677 -4231 818 2053 -4774 -6285 -8407 684 -2222 7568 -4360 915 9154 9817 8473 6662 -7939 -7593 -2235 -4211 1339 -5343 -4241 -110 -5739 4040 1625 -9718 -409 9679 -52 8636 -8007 1924 7913 6386 6136 -6181 -8271 1146 -5443 5425 3011 -7367 7664 8280 8239 5948 -6939 -9044 -5199 2828 -3498 1413 -1476 954 -1002 -2210 1074 1024 7646 -8683 1827 -7318 8042 -3028 9825 3581 8154 -9098 -8580 -5136 -2295 231 7152 -7479 -4754 -3595 -3986 3107 2319 1844 -8439 1999 -2370 -9764 -4237 -8581 973 -9213 7001 7370 58 6866 -5578 5851 -7269 573 1364 -2075 -3684 -4263 -9186 -5742 -5790 -7330 -649 -5755 -5416 5373 -4090 6380 -4415 -7228 5505 -1319 3682 -2871 -3833 -7398 8386 -4715 -5527 -7141 -1164 9408 9879 -9643 1163 6759 -224 -61 6466 -7488 4570 600 -2533 3912 660 -1756 7009 741 -184 1508 -3768 -4440 -3828 -977 9882 7575 8420 -2554 -1825 8230 2520 -8300 4349 2832 9310 2320 1511 -5717 -4184 2209 -3241 -7414 -5110 -540 -2642 -479 39 1011 -9156 8630 5496 -7150 -2550 -5338 6490 -2677 -4283 -736 -8260 -8645 6440 6048 -2109 -7383 9230 -4893 2013 5918 5147 -4604 -6912 343 -8635 7661 -6073 1156 -8956 3444 -5176 -5745 -6080 -2974 5428 -5820 6430 2806 -7607 5275 -8131 -557 -4019 -5020 -5491 1551 190 -3936 932 -7817 8713 -8584 2899 -7741 -8860 5574 1084 2567 1681 -1733 -2203 7912 -9381 -1296 8166 -4190 1351 -9747 -2340 -7500 438 -8294 7489 -8896 411 2677 3412 3542 629 760 6139 9930 61 -7177 -9655 -7916 -820 -1048 -9745 -2638 -4056 -9522 1883 -6149 -9308 -1387 -3997 8595 3727 -4269 1296 -5367 6729 5429 -6604 -4427 -6235 -3954 4728 -2067 117 7938 3889 -5140 -162 -800 -6462 5462 1650 -8238 5103 6347 -9889 -9666 2802 5352 7516 426 -4940 -9295 2421 735 -7692 -7328 -2403 -2499 8931 -2055 -6426 -106 3484 -2136 5300 8658 -9266 4513 -261 431 666 -9339 1804 -7344 -6428 4620 6501 -8599 4104 -2657 -6611 9320 -2257 5405 -5985 -8184 8531 -7209 -3567 -8235 9675 -6455 -9032 -6897 -7360 -3702 -3481 -5420 -9100 -4251 -6061 1611 9517 -5729 2596 -6197 -6179 -7787 -2823 -5937 -7045 4426 8743 9948 6393 -5446 -6904 -5919 405 -3233 -3446 3518 -9544 -2663 3717 8044 6289 4036 1106 -2585 -3847 9852 1778 3049 -8194 -2855 4266 -4727 -9321 2418 -8369 -5247 -2519 8205 8551 -5703 -2485 -4428 8983 5288 8697 -2583 5471 -4216 9782 5134 -7170 -1537 7900 7861 -7357 -9128 -5069 3474 -7047 3147 -7852 4995 1973 -9997 -6381 8431 3975 3841 -1461 4370 3352 2160 -2045 9509 -6573 -5377 9156 -2379 -3174 -888 -8730 7895 9402 -2617 621 7409 -7220 -103 6813 -7633 -9502 8490 3789 -1561 -9207 3824 8851 945 6024 6378 7808 -3674 6407 -6467 4453 5770 3298 4219 2154 -2208 8308 9155 5166 -2073 -9813 -1327 -1072 8822 1723 -855 6728 1076 1893 -3329 4207 552 -4358 9929 8094 -8838 -5433 -2824 -2742 2788 7300 6549 -8021 -7772 3731 -5505 4786 2353 9309 -9024 -3090 2329 192 -2399 2161 -1207 7607 -6023 -3647 -2375 -1429 -185 2629 899 -2552 -6213 -6146 3479 -4859 2262 8703 4226 9611 7154 7508 3175 -3784 9608 1761 8212 3506 5676 37 -8120 9351 -412 9854 -6175 4210 1841 -380 -9329 -9725 -5146 4361 7652 5497 -2780 -5096 -9286 -5786 4824 -4101 -3402 327 229 -6527 -4808 7809 9645 -9917 -8812 -5567 7087 8804 -7783 -1216 5691 -3860 1558 -6719 9577 7705 8754 -9820 1646 -4476 2851 -7863 4741 -8336 7592 -6777 5501 6119 1915 7478 5449 7747 -1340 -2860 8733 -7514 -7061 -4921 -6567 -3510 8462 -2965 6894 1127 7960 1186 -4020 9972 -3764 5847 -9763 -9497 -24 -5585 5026 -413 8274 -9562 -1722 -511 -6669 -4870 -7490 1840 -3838 -5304 -4144 6474 1183 -2731 -5470 -1178 4365 5952 6856 -6329 -1189 7832 5624 -8332 2191 -1856 -7074 8233 8606 5443 -3713 -8750 1837 6764 -6550 -746 5991 1017 -2521 -9586 2244 -1031 4343 7252 5545 -7994 -8041 -1235 -7326 -9711 4436 3876 9163 -6681 4860 8058 8746 8414 -3749 5331 3390 1796 -7335 -3993 3493 -415 -1711 5073 7665 -454 -8700 7980 1370 -37 -8375 1552 3242 -629 3447 -5889 805 -4688 -5061 6916 287 2761 -7286 171 -1384 8512 -2389 1363 6180 4747 9958 6971 -3931 3145 2742 -6532 839 6986 -832 7030 -1728 -3503 -1573 -9045 5721 -4556 4617 -7841 -9774 -3671 622 -7070 5587 -2641 -2569 6169 -2895 -3988 9292 7403 -2829 -3135 681 -2174 5826 -7559 352 -8780 -7427 8989 -8524 8105 8498 -5618 -1846 3674 820 5784 -2024 -2673 -5953 -5125 7896 7662 9122 9932 8116 -72 -7773 5506 9714 9751 -2142 -4040 -9861 -4208 -8272 6029 3185 3407 5044 -7815 7892 -5411 8306 -9488 392 -1468 1647 -4329 4065 354 5701 4859 424 -358 6404 7713 -6585 6789 2034 8294 -6003 8423 3010 8873 -8892 -2181 1976 -4158 8418 3 -8446 -5026 8488 -7255 -5658 -7107 -6349 5029 2331 9571 7305 9374 4832 -3039 -3884 -8559 -8621 8904 6762 -4760 -6684 6748 -8864 2769 8161 3230 -3305 382 -6037 9042 8582 2253 128 -2296 -8468 5177 -1136 7979 -3872 -432 -6555 -9509 7382 3574 531 3705 -5376 -2253 2073 -2888 -6953 7553 -9903 8313 2849 -2068 8864 6298 -6184 -9977 8008 5117 -7670 -1924 9117 -5960 165 7531 -4380 -2027 -8634 2606 -216 -1885 459 5135 -1719 5079 -4705 -2428 -6879 2324 8031 -2635 7528 -9474 -60 2739 -9224 2354 6960 -6177 -6581 3971 228 4848 3317 4391 7207 4909 773 4033 -523 -7158 -8385 5720 -5880 2263 7450 -5690 225 7212 -2531 4663 6499 2411 -6686 -7241 -5348 6238 1237 2075 386 275 2290 1641 3601 8101 -7558 2475 3614 5239 -7283 5628 -1197 -5878 4593 5379 6164 -3054 -7846 -1578 -2686 4419 2452 1113 4527 -198 2197 9957 6264 6623 -9845 7 -2936 -3579 -692 785 -1808 5257 -1279 -2189 -3666 8296 -1583 -2243 7704 -6020 4965 -1905 5476 3919 8683 2490 7717 586 -9116 -1310 -6596 2827 -5565 9378 2141 -449 -5589 6177 -4983 797 3265 -1960 2271 -6498 -7154 -3850 9098 1722 1472 9858 -4126 -7056 2797 1348 4237 -7468 788 -6344 -4475 -2328 -5297 -9529 7673 5977 -4723 -1633 -7376 -173 -9673 7882 -6661 -788 -6917 3627 -9919 -5683 8145 -586 6678 -425 9761 8181 9144 2960 7111 -8395 -2865 5035 -6754 -9684 -9649 5634 -5009 -4899 -4915 -6415 -2838 2864 9811 -3895 -7660 -1201 -4000 -4331 9421 -6237 -4697 -8872 4031 -8973 5340 -1437 3163 8585 -6248 -4348 5150 5081 -3840 1091 -2529 -8352 -7486 -9171 2795 -4226 -6918 8193 9394 2202 9718 -5695 -4336 -4656 1556 3276 -4759 -3788 -442 -9571 9493 -8589 6389 -1173 45 6055 -1758 -7582 1226 8538 2332 -8947 -2978 7910 6822 3947 -148 9655 -5332 -8766 2505 -6974 -4321 -8536 -6734 5113 3804 5632 -9784 -2060 -6362 4218 2540 1806 -4657 -5955 5246 2231 9933 2041 9649 1735 3993 446 -3012 882 4547 6768 9891 -3975 -2065 3566 8685 170 -5629 8533 -4770 -9201 328 2766 -8868 -2563 -2738 -773 -8373 -4752 -4928 -4248 6566 1776 -5103 9754 8631 175 24 9165 -2923 -1483 7174 3236 -9368 2541 -2952 -8172 -3470 9581 2409 6146 140 1835 6655 -756 813 -8035 -2834 -5482 1811 3030 9912 -7724 7667 8828 -1628 -6919 -4333 -825 -7875 -1289 -5836 3783 -6380 -984 -6447 -5116 -7010 -7627 -4734 7674 -2916 -7482 2428 230 8991 -6188 -3707 3610 173 9942 -1762 8527 707 -1649 -6106 -53 8604 -3435 -2357 -7433 -4681 -7351 -5785 3768 9107 5925 9225 3502 -1280 -3748 -5552 903 9871 -9140 -6668 -6209 7162 8177 -7998 -6680 -7096 8950 -5147 4339 -3010 -9332 6292 -9736 -9385 1044 -7658 8224 5570 7249 890 -9546 -7962 4173 -6721 -8525 9902 -4004 3075 2900 5296 -1811 9516 4067 1777 -4854 -1044 -1118 -3450 -6748 -6390 6197 -8763 9710 -1485 8238 9864 8967 -4863 4084 6308 -1660 2534 5154 -577 8945 -2417 -6173 -2104 9855 2165 -8111 4481 -5379 -5000 -8856 2233 3074 7323 -3581 6902 8147 -4266 -3411 927 5137 8221 6914 -3691 9613 -9952 1259 -9588 1918 -3359 -1608 9456 4115 3500 -4998 -2600 4927 9328 -3775 8270 -4924 5394 2986 1202 4271 -2770 326 2255 -7055 -6000 6090 -2156 5365 -7579 4073 -4843 -7900 1766 -2377 -6770 -7432 -2544 -4712 -79 5529 -6431 5298 5092 6508 -1927 7977 3845 -8466 -8607 7463 -729 1550 -7365 8791 -2061 5695 -7792 3520 -4801 4686 -2465 -3782 7614 3355 1466 -1008 -2080 6337 6037 -9632 2120 -9217 -3556 -2149 -8138 -3215 -6048 -8727 -4258 6431 -4933 -6433 -9805 8504 -7861 2907 -3623 9689 461 7786 -9640 4461 8412 2363 296 4434 -6232 130 -9757 5579 -2891 2148 -3984 -2237 -7315 -7562 6997 6901 -9150 -7975 -455 9873 -4063 8180 -6240 2633 -5369 -7742 1219 2746 3358 8767 3047 8068 9508 8163 3168 -5819 -5207 4488 5992 1153 3738 -9758 6343 9837 7147 -9905 2361 -2466 782 4788 -1025 -9458 -6303 -3035 -9687 345 -3591 -1786 -761 1102 2731 9924 -7909 -1491 2681 -1701 6619 9194 9903 9535 -8726 -8698 -2945 -4311 -8301 -2131 -8240 4650 -3624 -1965 -4352 -1345 2453 -889 -9379 124 -1853 611 -263 -7459 1505 -7969 -3185 6695 5616 9302 4925 6907 -6298 1513 -7568 -8563 -6543 8140 1307 -9077 -5851 -1152 -3907 3050 -5496 -7450 8941 -880 -5395 -6875 -1898 7567 1643 -7803 -7387 -671 7332 -7282 1653 -3716 -3142 -1577 -8270 -9434 -2440 -2493 -9801 4053 -4207 9013 -3803 -6728 -1406 -4820 8584 129 7954 2433 -1477 8815 3649 6020 -8811 4549 9423 -9765 6621 7907 -6685 1058 -5177 -2986 -6055 -165 8661 -2481 -6629 -2212 2771 960 1121 1676 -7090 -4219 -7682 -4089 2057 -4907 -6928 -7537 -7574 8592 9756 -593 -5899 -5042 -7208 802 1645 -7881 -8673 4322 9 9448 -8608 3314 -6356 -8694 6828 3455 2084 -3017 1780 -7065 4803 -6316 9365 -8534 9968 7902 5401 -9549 4771 3240 -4317 7110 1104 -4700 2823 -5121 9813 -5499 -705 -659 1500 -6022 -4273 7695 -8800 7383 2918 8089 -5267 -987 7549 -2462 -3231 -3621 -2145 7396 -6094 -6441 -8574 3872 7893 -9523 -6018 9173 7800 6735 7206 -8510 8598 5696 2275 -8207 6875 -7183 6070 4630 -7437 8382 -6328 -1696 -5205 -3381 9770 -1513 2734 7298 -717 8832 5987 -4506 -3186 -5924 5900 9781 307 7774 -7200 -1871 -59 -6970 -7423 1570 -6015 -2302 -3170 -7493 -7393 1300 3192 9504 -9392 -7643 7008 -5075 1150 1253 -7662 2045 -4448 -2559 -482 2570 -4280 -3693 -4480 -9738 4729 -1016 -6566 1769 6842 -8485 -171 -7036 -7178 7259 544 -8484 215 9914 -1428 -7142 4999 -9278 1385 1626 6687 -3120 -5539 -5956 2399 3234 9495 -5710 -3783 -5331 1663 -2790 7431 -7223 -7688 -9057 5516 -4589 -5978 6936 -6807 -9672 -7837 -9069 8840 8227 6184 5944 7169 -4364 9000 4299 -4160 8248 4287 -501 7727 -7418 3072 -3002 9605 -4675 5343 -1978 -8822 3488 1654 6131 -3642 5807 9838 6580 -4046 5679 7318 3510 -3634 7899 2756 -1239 -5832 4633 1601 -3289 -3753 -7464 6556 7613 7603 9075 -1294 3692 1464 -3568 7598 -5276 3387 -3006 -8792 -9020 5903 -2536 9572 -5841 8236 -1587 6059 -5769 -4938 -587 8674 4170 -8992 5734 9341 6726 8083 3110 2940 8030 7201 1322 -9647 -7839 148 6950 2229 -1959 3948 1618 -5197 -1918 7051 -3917 721 4602 493 -6619 6295 8993 -1104 -440 6991 -7106 -6706 3687 -2839 -569 6188 -1339 5957 7782 8524 8898 -6688 1662 -3372 7172 582 -1826 -2157 -3935 3268 7069 -8006 6785 -4518 -3287 5204 -5123 -8163 6329 810 9345 -9170 4366 4716 -8665 -6776 2966 3062 -3525 2077 5883 8949 3505 -4881 5417 -9701 -5490 9963 5330 6129 -1700 -68 -9705 -1727 -9021 -4970 7959 -4324 3628 11 -8183 3275 -917 5493 -2577 7204 3897 -2193 -8371 -6421 4628 -3324 1606 -2488 7756 -1715 5629 2138 3776 -3182 7536 2920 3161 -4124 2315 7758 -8619 5047 -9457 9893 2576 -4517 5739 6887 -8949 -4951 4605 -4038 9076 3055 -6476 -625 -2963 -2383 -1604 9910 -7024 3533 -5516 9166 1583 -7993 846 -3592 -3746 -2043 -4799 -3116 -8049 7830 8114 -6676 9464 96 -1848 -2169 2461 -3069 7263 -1413 4368 5378 5083 3374 -6781 -2014 5824 -9254 -6359 1848 3516 -5013 1031 -6999 2810 3683 -4157 -8518 -9263 -7965 6242 3928 -5044 1685 1926 -944 350 7216 -8672 3708 4123 4149 1496 -7521 -4297 441 -9810 -3214 9183 7278 6309 6947 -6986 3800 8747 3699 -6988 3896 3328 5105 -7163 1456 -8752 2124 1408 -7189 -3808 7683 3706 3471 2904 9941 -2646 -6331 361 8635 -7268 7341 -5194 -3441 2841 6398 5744 7634 9977 -9946 -1064 4482 -56 -6464 1396 7845 8942 384 -1569 -7104 2669 6465 5212 2299 8602 8486 -598 5828 6066 -6845 -3934 -5198 9287 5068 -2750 -4414 9268 -4275 -6387 8260 3136 8328 6346 8016 7072 -4545 -3667 -4016 -8237 6642 -8119 -3253 4917 7131 1451 -8784 7122 5876 1565 -5157 6137 6823 -4176 135 -3750 -1417 8749 -3725 -6801 7424 -4578 -7695 4140 4885 8450 6703 -3447 9074 -5213 -9915 5138 3857 1182 -6837 8810 -2172 -1334 4246 -5460 9750 -4805 -6962 -3957 -5302 3956 -6252 4697 -6086 -8591 -9115 -4803 -3548 -7509 -9989 8329 5760 1967 -1564 -1403 8422 -3658 -4383 6235 838 -4008 8252 8106 8739 7949 -424 -5192 -5694 604 -7112 4746 822 4805 -3566 1617 -2439 2583 6527 -320 -6274 1750 -8646 -4764 1954 6323 -9159 -8276 6211 3849 2436 4400 2853 -8826 5932 -4521 -5701 -8039 -3790 3898 2058 -9132 2126 -5336 6208 -4520 7991 8508 6231 6356 4039 -2938 -4228 -1257 7016 2366 -7222 -3384 1714 -9716 -3232 -8942 8679 7418 -1772 2464 -8583 -5815 -7184 -8457 -2654 -8753 -7439 -381 -8451 -4536 -3267 9986 5971 -5502 3199 9698 6871 1764 1094 3546 -2271 4847 3307 -5963 6214 -6138 9467 -9638 5867 8397 8559 2985 4002 1754 -6662 4098 3908 1921 -1051 6854 -1060 -7499 -5977 8594 -2179 7858 9911 -6931 767 -7780 -1615 -8324 -4543 -5471 4424 -6374 7767 468 8824 -1039 1107 -5558 9241 8206 4855 1387 3045 -8632 -4742 7380 4235 -829 1870 -9554 -6506 5702 -1 -4021 7951 -1313 -3022 -865 9703 6204 -5698 -9490 -3777 6541 5262 1934 -5291 -3560 -6126 -5842 -6257 3126 47 -208 -1292 2934 5927 -7340 -7927 1771 -9677 -7325 2061 1600 7699 -5933 2413 -5063 5970 -9626 4770 -9468 8311 6660 -6574 -5731 -3837 6286 5517 5685 -4468 916 -928 4529 -2712 3972 -2518 -6469 -9883 8655 4478 3420 -3121 -7543 -3221 -9191 -4670 7766 -668 -3172 1913 6863 -4927 6770 -4276 2410 -2831 -1687 3406 9768 8358 3337 -444 2032 9388 416 5445 -503 -4885 -7892 1149 -5492 5809 -6628 -9365 234 584 7182 8896 -5538 -5111 7002 9979 -5485 -6832 3864 7739 1045 4951 -9037 -5217 4390 -2791 233 6568 -8598 8036 -544 -3199 -6796 1073 -5164 -3314 -8810 9550 7460 -3832 4790 -1221 9204 -7583 -1453 4664 -3906 -3727 -8392 3951 -9399 6104 7824 -4012 -7129 4519 -8267 3216 8175 -4887 9931 7838 -3134 5976 494 4347 -9009 -2140 -1887 3090 -4925 -5258 -4037 -3048 -5076 -6423 -4389 5341 8148 -7573 4642 6019 -3032 9340 8123 4042 7731 -3710 -9892 -3705 -5980 2450 9463 -7336 -4422 8324 8684 -6546 -1423 -1999 5899 -6448 -7581 -5983 -920 -5721 -8723 8605 -1001 -8190 -8208 6128 -7737 4769 -8962 3433 -5200 -2317 221 -6065 -9857 2957 -8456 1256 -5182 -893 4800 -6125 -1247 -7253 -4879 -5950 866 2095 6364 6241 7974 -6735 2403 -6214 -7245 -5592 2149 5233 701 -4153 -787 8002 2111 3017 -7314 -3126 116 -5036 5670 9593 -4850 2696 2610 -8344 9079 2923 4124 -1126 -1616 -4798 -521 3122 -6738 8944 436 -4953 7875 2751 9591 -5243 6744 8773 2114 8961 -7753 -6270 704 -8479 -2413 4022 1425 9066 9274 -7656 1083 885 7012 925 1880 -5280 -9891 566 3794 -4239 -3653 -9351 -3000 -9016 4907 -3956 9820 -3347 -4606 534 -8898 -1654 4897 -666 6107 -4154 7445 9129 5877 7089 537 9665 3653 6589 4558 6113 4217 -5715 -7164 2647 5466 -9022 -2026 143 -8861 -120 -6057 490 5100 -2526 -6638 -3003 -6346 -3123 -5987 7658 -5222 -7413 5007 7293 6952 -7592 1346 -4959 1499 7718 -7289 -881 -1667 -1512 2125 -6496 -963 7560 -835 733 6171 2682 2489 686 -8917 -6187 4647 -7135 1341 -1598 -6508 -9346 -4738 -9476 2015 -1167 1622 -2887 4236 -4017 246 8827 -6281 -7667 -6558 -5617 9403 -3332 6537 -1005 -844 -6575 -7089 508 9592 -3110 8990 -2767 4160 7689 1795 -4435 6154 9397 -2732 -1514 -4991 4196 -6958 -6466 -8627 -9386 -7522 1257 1680 8165 -7193 -2816 2067 7545 -3495 -6211 1903 -7352 -2994 6751 6353 1911 -760 -2175 6605 1725 2697 4469 1490 -3004 -1921 7188 5672 9193 -1431 -5679 -493 -1171 2897 255 9457 4660 -3596 2636 5232 2178 7225 -1791 -337 -5772 4523 -7932 -4185 2916 5559 -2785 21 -6798 -1323 -2787 -5463 -4706 -8097 -7992 9027 -8915 -8113 9629 -2805 4230 -7548 8866 9809 4156 -5047 1515 8567 -9081 -9412 -3374 -7403 -5657 5639 -1876 7040 -6176 5122 8301 -2083 -6049 -5794 -324 -6151 -6452 9018 -6860 -784 -5835 9917 9265 -1590 9140 -1940 -4507 3227 -7524 6000 -8321 2646 2854 -4590 -4639 -5120 -7072 1180 6969 -5614 -2283 6367 718 2941 -2908 -6378 -9058 6013 -2311 5045 3534 3262 0 5530 -3853 8758 8653 -6965 -2489 -6471 753 5521 66 -9099 -2483 -3263 -8070 8642 -5945 -6582 -4902 2674 7589 -365 5648 8374 -4143 -3119 -8459 1441 6724 -5725 8026 7038 -319 -570 8964 -3438 636 -4426 9700 -2522 -5466 -1556 9395 -9178 4677 3899 -4637 -9192 1671 -9996 5071 5346 812 576 -1261 1220 1463 6603 -8186 9084 8429 659 -4852 7088 -8000 6324 -6091 -9768 3180 310 -2729 -1957 6583 145 -799 5268 6273"

leak: re
		leaks --atExit -- ./$(NAME)